This is an exaple of output. 47 columns is 47 pictures. 25 rows is 25 cards.

1111111000000000000000000000000000000000000
0000001111111000000000000000000000000000000
1000000100000111110000000000000000000000000
1000000010000000001111100000000000000000000
1000000001000000000000011111000000000000000
1000000000100000000000000000111110000000000
1000000000010000000000000000000001111100000
1000000000001000000000000000000000000011111
0100000100000000001000010000100001000010000
0100000010000100000000001000010000100001000
0100000001000010000100000000001000010000100
0100000000100001000010000100000000001000010
0100000000010000100001000010000100000000001
0100000000001000010000100001000010000100000
0010000100000000000100001000000100000100010
0010000010000010000000010000000010001000001
0010000000100100000001000001000001000000100
0001000001000100000010000000100000000100001
0001000010000001000000000001000100010010000
0000001000000001000000101000001001000000001
0000001000000100001000000010000010010000010
0001000100000000000000100010010000001000100
0000001000000010000001000100010000000110000
0000001000000000100100000001100000001001000
0000001000000000010010010000000100100000100